1 34.126018 -117.896486       178.49
1 33.967119 -118.159701        37.31
1 33.962257 -118.094697        44.92
1 34.292805 -118.188225       713.05
1 34.243992 -117.964944       735.91
1 34.353180 -118.411425      1174.37
1 34.029734 -118.208434        96.29
1 34.047447 -118.112895       189.85
1 34.204800 -118.173200       464.87
1 34.181921 -118.574649       241.69
1 33.939055 -118.244134        32.44
1 34.376366 -118.177576      1991.96
1 34.341132 -117.936670      2442.23
1 33.927648 -118.306350        55.76
1 34.071559 -118.232902       161.44
1 34.091766 -117.807095       307.62
1 34.000911 -118.013349       369.14
1 34.102863 -118.263875       139.94
1 33.992654 -117.848774       243.86
1 34.178565 -118.219999       366.19
1 34.126447 -118.514412       585.56
1 34.293192 -118.484539       365.42
1 34.061899 -117.911115       133.63
1 33.979885 -118.031169       118.30
1 34.226121 -118.055913      1729.60