17.743509
16.605213
17.551722
16.356671
16.051756
18.481965
17.379867
15.925082
16.461295
16.609480
16.727468
19.666198
15.637983
16.567116
17.155534
16.081282
14.554069
15.387757
14.574936
14.413569
15.680731
15.812862
16.012432
16.336115
16.201622
17.192273
17.526067
18.022143
15.924384
15.154599
13.541301
12.283974
12.140840
12.110146
11.098243
11.886290
13.284747
16.835768
17.173449
16.422720
15.603821
17.418722
14.572788
13.613373
14.009467
11.674415
12.674755
13.924319
13.987733
15.116662
17.177231
17.486377
17.017131
18.582471
20.010322
17.370205
17.289620
17.136989
16.928218
17.068566
18.762904
20.621645
17.966990
17.949071
16.985328
16.126785
15.190528
14.957252
14.676982
14.732562
14.423054
14.991336
14.886803
14.519845
14.414129
14.407144
14.510125
16.159163
14.346501
13.164186
14.346295
11.593888
13.743541
14.797115
14.060293
10.736617
14.493469
15.926558
16.938001
16.803829
15.222275
15.976662
12.746452
12.279944
8.921467
8.168856
10.081649
9.122516
12.556157
15.560595
16.180016
18.030741
18.642766
19.001624
21.027397
19.225575
18.831391
17.953095
17.573365
17.714660
18.778326
20.807877
17.475222
17.571605
17.587087
17.281770
16.301579
15.857076
16.063574
15.900149
15.446713
14.803019
14.391978
13.668530
13.162210
13.556120
14.396815
16.815654
16.265840
15.031368
13.626648
13.366545
14.111324
12.130832
13.165086
12.130181
12.699586
14.121353
16.308818
16.838696
15.459446
13.923650
11.827483
8.253744
7.544862
8.950819
7.746015
10.108486
11.508996
14.267986
15.673527
18.233334
18.881253
19.364841
19.381452
19.446314
19.467584
18.501559
17.796889
17.647899
19.280873
19.021510
17.921160
17.315167
17.936421
17.630547
17.432734
16.961712
17.203844
16.572804
16.521172
16.473599
15.938830
13.653942
12.393702
13.369762
14.093830
15.918222
15.918676
14.560672
14.200189
13.920705
15.131611
15.935847
14.330150
13.001209
14.133095
15.534139
14.166330
17.813315
15.923073
11.758971
9.614486
9.446304
7.182319
9.045915
6.578091
9.837232
12.013793
12.988829
13.584169
17.779048
18.885500
20.116767
20.105690
21.032368
18.349515
18.216276
18.093088
17.699701
19.834510
17.961078
17.363120
16.734430
17.314582
17.256551
17.885188
17.994817
17.525272
17.758046
18.351926
17.003714
16.040998
16.156781
14.591867
15.363406
15.473656
14.388264
13.334166
13.452820
13.715396
14.723877
15.625488
16.649977
14.654380
15.558427
13.934763
18.041316
18.090131
17.015399
13.936286
12.241086
9.382432
12.612658
9.634626
6.702372
7.351558
13.590093
13.936878
12.774647
13.177609
14.461022
17.885330
18.018653
17.458920
17.072484
19.474624
18.049904
17.933771
17.788166
18.509705
18.217628
17.559024
17.727135
17.571558
18.320209
18.743531
18.523647
18.537931
18.121568
17.927393
17.746932
16.967533
16.054098
16.485363
16.133221
16.769233
16.061164
15.085810
12.805700
13.538672
13.923310
14.904782
15.209721
16.721351
17.134355
16.142927
17.954328
18.009463
18.039382
10.585828
12.396341
11.951364
7.854402
8.501900
12.715097
14.530711
14.073788
14.233268
13.155027
13.232364
15.602782
17.176033
18.225713
18.755990
17.452285
18.971157
18.486736
18.499355
17.845630
18.648501
18.623057
17.827001
19.212486
18.298853
18.483751
19.115846
19.056726
19.032278
18.861627
19.030365
17.403864
16.608606
16.752275
16.201092
16.377410
17.588722
17.267502
17.524549
17.359939
17.604014
14.587145
14.506089
14.163946
15.731744
15.239557
13.532854
17.869336
17.927665
16.997480
12.558513
14.795336
10.893862
7.891968
11.277661
15.696055
15.319532
14.152605
13.728417
15.842120
15.215446
16.542527
17.655527
19.432700
19.725181
18.935303
17.088900
19.647029
18.687933
18.502444
18.650018
19.330326
19.299353
19.684934
19.407314
19.235252
19.934765
19.763292
18.887858
20.083900
18.655964
18.223084
18.163642
18.696751
17.256944
17.818451
18.268153
18.583866
19.283101
18.122768
16.252906
17.332391
15.090623
14.634263
14.720962
14.771689
12.263697
17.819473
17.890776
15.882264
12.887197
13.970837
15.154048
12.368403
15.623378
15.442223
14.290398
13.805098
15.428033
15.629317
14.927541
16.231419
17.959862
20.290621
20.714318
20.195116
19.760865
21.501204
18.227690
19.410237
19.339198
19.504623
21.246711
20.833595
20.101145
20.119353
20.283989
20.220930
19.940764
19.878241
20.015850
19.797388
19.325770
18.478471
18.967553
17.836788
17.580811
18.492019
19.210618
19.869249
18.201836
18.104070
15.603088
15.356547
16.029849
15.650473
11.999342
17.473218
16.840952
15.912133
14.270455
14.199844
16.217308
16.955088
15.753460
15.092776
14.091794
14.432384
13.643997
15.959306
18.986065
18.395807
19.006443
21.847208
21.399859
20.255821
20.164072
19.855413
19.678943
19.415091
19.620851
20.167256
20.668823
20.659075
20.393204
21.213545
20.847821
20.576290
20.434488
20.318847
20.726695
20.359457
20.182451
19.661626
19.474453
19.335068
18.668499
18.984635
19.879255
20.238627
19.547435
16.194324
15.981134
17.197166
17.870374
13.772691
14.444390
16.250778
17.471901
16.771977
16.213224
15.306196
17.456459
16.275107
15.370674
13.901971
14.313228
14.188966
14.140762
16.290526
20.840719
19.433012
19.906074
21.559455
21.192253
22.024753
22.045556
20.718432
20.056856
19.580144
20.108182
20.199006
20.661306
20.245607
20.703779
21.028506
20.951729
20.930000
21.026619
21.033578
20.961328
20.842352
20.489153
20.841761
20.751807
20.345366
20.230258
20.594438
20.578501
20.478967
20.035468
19.670457
18.222641
18.905949
14.893628
15.535629
13.941066
14.014727
15.860219
16.310163
18.021856
15.562033
16.261499
14.974350
14.280507
13.651984
15.298967
14.802965
14.513593
15.789793
22.000156
18.849793
20.242603
19.182040
17.314051
19.044086
18.979969
18.358966
20.220395
19.945875
19.837157
21.491853
20.472077
21.910952
20.718827
20.761264
21.184307
21.239324
21.299667
21.197994
21.291352
21.232680
20.745813
21.228093
21.239378
21.058497
20.498091
19.971456
19.928366
19.653002
19.954800
19.752779
18.916741
17.293764
18.116046
16.624478
14.959707
13.093034
15.280024
17.763362
15.031491
14.914446
14.491471
14.212013
13.826801
13.515412
14.878699
15.913327
14.340110
13.933158
20.299310
18.552234
17.783587
21.038935
18.266993
18.360202
18.539792
18.819279
18.479115
18.290227
17.020010
18.350336
19.444882
19.207720
19.577738
21.875952
21.454631
21.459526
21.356587
21.479900
21.367841
21.292061
21.402194
21.460141
21.443403
21.075144
20.845474
20.333197
19.544142
19.233050
19.284002
19.418077
18.839667
18.589363
16.259920
14.660072
13.230740
12.505002
14.826690
14.473459
16.862704
15.773673
14.240060
14.633282
14.321565
13.582859
16.895599
14.559516
14.266293
12.666742
20.106086
19.091440
17.218698
18.064568
18.459108
19.126205
18.821760
18.650829
17.599505
17.768965
18.382158
19.556921
18.285281
17.833151
18.882244
19.925337
20.448070
21.049897
21.864751
21.886886
21.754124
21.498350
21.219149
21.487971
21.600767
21.257599
20.739578
20.411471
19.570892
19.016684
18.930144
18.923397
18.775902
19.364575
18.332064
18.326916
16.256782
16.064267
12.286422
13.134249
17.364485
16.461717
15.787637
15.254639
16.117779
14.170415
14.064297
12.796706
12.050917
17.564569
19.148371
16.986280
17.727258
17.270555
17.799544
17.834057
17.542639
16.183849
16.907818
16.983581
16.910439
16.773958
16.793166
16.915367
17.656042
20.052733
20.364273
20.923433
21.342223
21.569511
21.823161
21.832516
21.874820
21.896024
21.439290
21.713506
20.587956
20.068627
19.204976
18.817625
18.978783
18.644017
19.313217
19.705059
18.848177
16.617435
13.777170
12.600505
11.721449
15.774519
12.928080
14.713011
15.993241
19.390659
15.353723
14.248126
17.896472
15.583669
14.899745
16.708471
18.094035
16.485643
18.192410
16.699575
19.787549
16.191102
15.888189
12.648559
14.517880
15.942821
14.451154
14.630974
15.490031
16.250364
16.876663
18.257697
19.408490
20.393002
20.944377
21.185774
21.148801
21.211008
20.931276
21.149708
20.555271
20.525489
20.170692
20.050658
19.730354
19.436617
20.259167
21.381173
21.181451
20.871638
20.400756
18.047669
15.680923
14.738245
12.271649
14.630366
15.210586
15.472546
18.883235
15.819774
16.654496
17.897134
15.522767
16.578145
17.549891
21.005817
16.383373
14.034803
17.553479
18.096610
17.972605
16.196390
15.030709
11.510165
13.511672
16.832693
17.412487
14.736995
14.908978
15.211598
16.540910
17.521833
18.637992
20.173421
20.424728
20.720168
20.514460
20.202790
19.902976
19.721576
19.726140
19.675595
19.525814
20.173861
20.717901
20.865640
21.526854
21.474770
21.305466
20.927556
20.489284
19.623867
16.611354
14.228872
13.007459
10.768924
13.869668
15.522572
17.086120
14.693702
16.398343
19.078535
18.565831
20.143403
19.578190
16.629159
13.066947
12.312267
15.958039
17.045188
16.290917
15.979739
14.744251
13.237853
15.292107
16.211982
17.992341
16.335822
16.641117
18.126226
18.313669
17.935918
18.374577
18.729401
19.519782
20.176295
20.221993
19.735877
19.292046
18.489328
19.095188
18.967978
19.973148
21.599245
21.136457
20.785837
20.646958
20.706235
20.884193
20.649264
20.229104
19.468924
17.985858
16.645427
15.303602
13.563151
11.068968
12.198793
12.173272
11.046859
14.099487
13.273599
14.644265
15.651272
17.164745
16.772545
5.739765
9.736938
15.500969
14.271814
14.939844
15.612213
14.666179
14.661909
15.191086
16.933447
17.692336
18.083808
18.011445
19.487178
19.675379
20.139609
20.326552
20.028726
19.761457
19.243808
19.413632
19.336066
18.985025
20.780034
20.293765
20.889870
21.486124
21.378125
20.922528
20.421681
20.346570
19.943786
20.263310
20.308475
20.281356
19.740803
18.182810
16.619845
15.034118
15.574703
12.369644
13.069291
13.175257
14.657855
14.526709
15.058781
15.733708
16.162327
16.922877
16.673983
6.724649
10.738898
13.076287
12.798750
13.381348
15.400295
15.494275
14.910618
14.772386
16.854776
18.759730
19.121833
19.291260
19.729657
20.399305
20.472228
20.550343
20.225619
20.227254
20.514374
19.878147
18.997361
20.512287
20.103301
21.357724
21.355896
21.262674
21.416142
21.036759
20.275849
20.128255
20.314928
19.799659
19.734271
19.655238
19.651416
19.062443
18.721607
17.761463
15.723049
15.486174
13.826669
12.532598
12.936635
15.486986
16.130917
18.447802
17.115335
17.676469
17.064733
11.476307
12.958192
12.064019
12.073590
13.690763
13.539200
16.182605
18.033780
18.303820
19.215337
19.593765
19.439982
20.198951
19.565988
20.345595
20.259698
20.343072
19.760560
19.225797
19.190493
19.276257
20.343653
20.675174
21.195012
21.058323
21.073669
20.916280
20.976490
20.351032
21.143772
20.136911
19.979133
19.504742
19.925428
20.058385
19.220132
18.428141
18.184353
18.079786
15.848456
15.242420
17.499541
13.576982
14.109240
15.842193
17.274229
18.383572
18.194160
19.986431
18.090505
10.975287
10.926104
10.710894
12.146095
11.246018
12.459158
16.929923
18.269099
19.471687
19.787557
19.980224
20.012743
20.072287
20.158588
20.020707
19.886022
19.783156
19.104955
17.635666
17.135505
17.341162
19.195627
20.963204
20.950327
20.818232
20.551614
20.773906
20.794776
20.111812
20.275258
21.001899
19.740585
19.720589
18.856929
18.729255
18.279352
18.497673
18.143812
17.681706
16.688297
16.560940
16.046679
15.248989
16.883023
16.819133
17.783088
18.640298
20.060272
19.620233
19.134093
13.732903
9.548575
12.766733
10.340264
10.035164
12.775891
16.855977
18.509089
19.020550
19.666685
19.733217
19.792494
19.897299
19.586560
18.765400
18.185357
17.696792
17.152566
15.402948
17.809914
18.852954
20.367894
20.686038
20.873786
20.640380
20.095932
20.470649
20.559547
20.240548
19.865578
19.691628
19.880296
19.603114
19.336521
18.277636
18.722234
18.665971
18.561327
18.707713
17.767505
18.716112
17.621332
16.505384
17.132497
17.722140
17.752593
18.003569
18.620964
20.327217
20.860746
8.331032
6.789473
12.005243
9.527665
10.945237
14.291326
15.765758
15.601745
16.066443
16.840119
18.957064
19.579834
18.274744
17.781972
18.527662
17.700532
17.758736
18.605648
19.586350
20.125138
20.395355
20.388801
20.656891
20.773548
20.558514
19.894787
20.182171
19.873096
19.866144
19.404790
19.549926
20.050363
19.129558
19.043074
19.250368
18.972936
19.684135
20.435711
18.716691
18.153386
17.953323
17.600619
17.618628
17.250242
17.106833
16.662969
18.378675
16.694865
16.776745
16.739735
12.299295
11.724540
8.145152
10.808472
9.312713
10.795715
15.022156
16.293588
17.718004
18.481741
19.146492
19.393800
19.057843
18.015356
16.035090
15.734885
16.551892
17.045529
19.359516
19.964794
20.158130
20.376960
20.574625
20.934044
19.884571
20.121236
19.926978
19.857058
19.397565
19.238329
19.108580
18.872412
19.414822
19.157482
19.457761
20.111419
19.960894
19.210748
19.266162
19.263072
19.408670
18.664095
18.916503
17.588909
17.364511
19.913706
16.641761
16.798823
16.443931
16.813221
12.178005
12.358582
11.907337
13.507832
15.109761
10.843332
12.984911
15.925489
15.954410
17.767084
17.936698
17.318093
16.344557
15.794900
16.484642
15.317727
15.947397
20.525995
20.536548
20.581049
20.502073
20.470158
20.743575
19.718068
19.560156
20.234599
19.899359
19.767937
19.669131
19.381763
19.650169
18.885920
19.142068
19.275887
19.869236
20.726467
19.054700
19.335009
18.636816
19.870154
19.690812
19.068405
18.525168
17.405701
19.379671
16.874951
16.727092
15.298133
16.419281
16.299645
12.829750
11.273035
11.361513
9.381229
13.256775
11.130180
14.626204
15.782879
17.305911
18.414915
18.285036
18.587706
17.137315
16.700166
15.138755
17.152614
19.009010
20.027503
19.702979
20.057463
20.415746
20.546249
20.070086
19.642326
19.485146
19.357853
19.529949
19.278589
19.484163
19.259030
19.235306
18.792340
18.594379
19.568482
18.989995
19.252136
18.661955
18.728016
18.515884
18.459753
19.787859
20.603148
18.572347
20.649150
17.087931
16.853699
16.681088
16.879008
16.442466
16.179594
10.565142
10.896030
8.338873
10.336840
10.866917
13.939462
12.012792
16.130633
15.089059
17.485625
17.605989
17.061596
16.649199
17.118511
15.865143
17.630282
19.317585
19.389375
19.043365
19.480971
19.498513
19.492427
19.537592
19.133342
18.918328
19.400721
19.140976
18.996315
18.988034
19.151738
18.680086
18.750275
18.619599
18.606993
19.266741
19.125010
19.508759
19.362699
18.653777
18.443175
18.451535
18.135059
18.529614
17.580673
17.056036
17.081831
16.750855
16.677647
16.457736
16.262319
11.570078
12.186333
13.253341
8.528576
14.018307
14.016098
16.916568
12.232444
15.568032
15.805137
15.612636
17.938052
16.986028
15.845707
15.572173
16.423671
16.777049
20.170365
20.087462
20.001630
18.790186
19.468003
20.050596
19.961903
19.669995
19.126696
19.048593
18.829389
18.545098
18.635187
18.477889
18.397930
18.394974
18.092932
18.296355
18.128617
19.195933
18.565083
18.710278
18.293360
18.106991
18.064640
17.653881
17.374105
17.084893
17.405533
16.795608
16.650074
15.771136
15.518934
8.960193
11.350197
10.499728
7.832000
11.979521
14.185728
13.506357
14.577162
14.462664
15.404912
15.733098
16.178606
17.140004
15.033944
16.222389
17.468347
18.983190
18.680649
18.737795
18.735103
19.135696
19.222662
19.230553
19.304206
19.532149
19.096945
18.727583
18.537934
18.367924
18.435516
18.122286
17.910093
17.845513
17.953032
18.170098
18.373191
18.409901
18.168953
19.010977
18.431650
17.922238
18.005932
17.542402
17.146045
17.252622
16.660800
16.128916
16.641330
16.536916
16.202641
9.771029
11.080534
12.613731
11.923129
13.487634
11.732569
10.676969
12.226764
14.629058
15.844074
17.820003
17.841074
17.449716
16.689648
15.866790
16.869404
19.113254
18.402305
18.387102
18.118254
18.055998
18.766929
18.776884
18.325264
19.191693
18.754102
18.649311
18.851020
18.860442
18.357777
18.671561
18.095566
18.092678
17.930131
18.036787
18.286866
17.931850
18.246747
18.885250
18.068600
17.867991
17.510338
17.397519
17.319904
16.697126
16.549527
16.737138
16.497321
16.334360
16.439995
9.951428
9.810663
11.868531
13.202135
14.576465
8.797641
12.022831
12.323433
14.329535
17.333456
17.497480
17.240565
16.984392
15.013313
14.171265
18.254205
19.242654
18.424269
18.577657
18.658031
18.722764
18.768927
18.965782
18.988383
18.803784
18.830712
18.873746
18.586386
18.135575
17.987466
17.628261
17.759805
17.825864
17.456754
17.653447
17.805621
17.993535
17.921966
18.171376
17.830606
17.512013
17.686410
17.260621
17.105484
16.708081
16.394606
16.352469
16.212596
15.322849
15.972515
12.194476
11.203268
13.062356
12.498873
9.317900
12.242648
11.738845
14.671571
16.452040
16.686655
16.867573
16.300183
15.604497
14.008000
14.246847
16.719582
18.065621
18.331221
18.422843
18.520855
18.626122
18.641868
18.841184
18.908248
18.626806
18.543579
18.632406
18.380923
18.524392
17.939675
17.670179
17.630289
17.345832
17.468589
17.638796
17.682294
17.707291
17.887152
17.607881
17.827204
17.750113
17.015149
17.222675
16.522373
16.410968
16.360913
16.299813
16.245368
15.559431
15.561077
13.899854
12.595513
11.572762
13.355854
14.036356
15.585990
15.432735
16.214685
15.641484
15.134737
14.237884
14.166892
11.914925
10.979787
13.492662
16.729949
19.267560
18.273848
18.323006
18.393263
18.411139
18.381625
18.670062
18.819260
18.750740
18.284604
18.431867
18.070837
17.865756
18.067654
17.495076
17.507761
17.311815
17.294820
17.422701
17.309876
17.642196
17.632587
17.044283
17.239170
17.293514
17.012803
16.733834
16.757633
16.342211
16.313713
16.470518
16.305487
15.975862
16.236051
13.954090
13.495637
13.825077
15.320926
16.217602
16.296500
14.503137
15.304674
15.529544
12.752181
9.458651
11.766048
9.322492
9.843468
14.932491
18.586736
19.526964
18.095940
18.197678
18.251295
18.310171
18.314535
18.677386
18.381302
18.311321
18.215850
17.847171
17.749310
17.609123
17.615219
17.382930
17.179797
17.272807
17.176087
17.227636
17.237061
17.306312
17.364916
17.242310
16.797033
16.776514
17.026561
16.986677
16.810315
16.533949
16.246686
16.176670
16.084433
16.183947
15.843748
13.900364
13.131162
15.333564
15.764583
15.468059
14.557670
15.123228
15.046961
12.342151
13.229298
9.272519
10.702260
11.244984
11.635973
15.759744
19.426557
17.330848
17.131033
17.135067
17.194404
17.395630
18.184481
18.347986
18.441805
18.214347
17.988292
17.793258
17.456406
17.356287
17.284453
17.317503
17.166610
16.983379
17.036858
17.138517
17.097499
16.743919
17.287044
17.223864
16.972959
16.985446
16.895453
17.413825
16.312642
16.415754
16.152911
16.120886
15.349314
16.149322
15.446406
11.087637
10.354505
10.672391
10.752430
15.001085
13.043197
10.923807
14.741285
11.475679
12.617384
12.118502
12.849194
15.044835
17.441071
17.827466
17.893928
18.243862
15.618595
15.706070
15.457335
16.486693
18.084645
18.192373
18.150014
18.033045
17.993216
17.600314
17.454203
17.478867
17.577206
17.404743
17.183836
16.890933
16.764803
16.836316
16.630801
17.059996
16.556958
16.685696
16.690663
16.661427
16.482340
16.575541
16.081002
16.109991
16.008636
16.050998
15.928754
15.779103
15.492873
10.829727
14.209666
12.339672
12.167228
14.238818
8.845269
12.559291
7.389770
10.007826
14.609817
14.572675
14.769516
16.082743
18.656961
17.361905
15.602578
15.772963
16.551502
16.287489
16.838940
16.431445
17.388004
17.678886
18.068480
17.281772
17.832879
18.089693
17.505642
17.423821
17.212094
17.417645
16.761843
16.937702
16.611734
16.800299
16.283298
16.348952
16.398169
16.070372
16.337704
16.321246
16.324884
16.406572
16.122096
16.105972
16.174285
15.928280
15.856602
15.776742
15.650047
9.259563
16.270395
7.495550
12.390472
12.422582
12.219610
8.770326
5.590040
9.115579
16.929038
14.471584
17.702953
18.642752
16.970793
13.898612
15.166805
13.253185
16.162128
16.690285
17.009967
16.825063
18.324857
16.880314
16.561522
17.825251
17.114162
17.419410
17.300786
17.166791
16.864829
16.822679
16.859788
16.423023
16.303754
16.185353
16.095168
16.176059
16.174572
15.932482
15.954817
16.179562
15.888237
16.293433
16.267327
16.187857
15.782762
16.069642
15.870480
15.790419
16.818688
14.682982
11.109915
8.746125
9.927384
9.175990
8.506708
9.833266
7.322454
16.511980
15.055058
18.009220
15.711887
11.348752
18.814925
13.046440
12.456126
15.703056
15.974591
15.477774
17.182331
15.969463
15.412569
17.668499
16.994281
17.245289
16.787724
16.766735
17.167676
16.816995
16.847716
16.738418
16.447120
16.300965
16.159805
15.963621
15.877231
15.955591
15.850639
15.674961
15.872952
15.910258
16.087428
15.436755
16.177411
16.703736
15.864108
15.546986
13.294540
13.865356
15.268567
10.866097
12.065364
15.546455
10.490662
8.239373
12.448583
14.246523
14.389342
9.108966
17.367361
16.016534
13.662624
10.704840
14.686086
14.273122
14.564163
15.116298
15.190198
15.348002
15.108317
15.758041
15.346540
15.358895
17.267540
16.807705
16.947968
16.418014
16.736353
16.480718
16.256768
16.332339
16.037129
15.987067
15.957767
15.851813
15.892978
15.874658
15.593316
15.810737
15.587619
16.002657
15.858646
16.006139
16.182447
16.132054
16.406180
16.167342
15.638819
11.608752
16.220107
12.612058
14.086847
14.028683
10.047033
8.879281
8.730951
5.612081
7.618448
14.219308
16.823735
12.782400
10.879665
16.870308
15.861596
17.655413
14.331079
14.510422
14.964484
14.995468
15.266781
16.207463
15.603623
15.672736
15.318261
16.307583
16.514121
16.470041
16.097693
16.717019
16.098444
16.003331
15.905225
15.828481
15.788535
16.380273
15.587545
15.619329
15.491691
15.457005
15.556454
15.574531
15.857492
16.065471
16.976444
16.897758
16.794319
16.733471
16.642413
15.179569
15.535623
12.236827
15.860746
16.761227
11.496580
12.874474
9.334706
9.557505
10.476176
15.214036
15.595499
13.724618
13.082367
15.725987
14.619427
17.680573
14.072786
13.967527
14.485754
14.501103
15.245931
15.857819
15.569335
15.738594
15.551856
17.072169
15.553475
15.508871
16.039318
16.127199
16.032549
15.817860
15.585480
15.558842
15.689769
16.133577
15.400886
15.473855
15.443692
15.483726
15.028086
15.650358
15.759125
16.896533
15.858024
16.739696
16.418856
15.514764
16.105595
16.469690
16.313757
15.962314
11.260598
15.517129
11.591664
12.327504
11.043013
9.594291
8.290987
16.031122
15.452414
8.506916
12.732924
14.571581
14.456327
14.628693
14.717295
17.444634
13.852450
14.650768
15.248903
15.468795
15.576702
15.770118
15.654709
15.471898
15.624786
15.318548
14.775803
15.699975
15.720247
15.480415
15.240393
15.260799
15.619481
17.427225
15.881406
16.957573
17.464547
17.106928
15.748900
16.687478
15.878542
16.782392
15.869314
16.984784
16.158256
14.910096
15.973692
15.464329
16.296571
15.661570
9.819265
14.358249
10.409459
12.326846
14.565377
10.694265
13.291128
14.039445
14.129906
8.910996
10.774426
9.810290
13.305204
17.648828
16.753411
15.620720
17.263769
14.367912
15.143350
15.699878
15.495968
15.627565
15.702070
15.545871
16.937494
16.404059
15.006246
14.671032
14.779193
14.809645
14.970035
17.687115
15.367411
15.963858
14.744879
16.152330
14.567342
15.467109
16.915293
14.437296
17.007148
15.258235
16.398910
17.138708
15.811159
13.422609
12.169373
14.581849
13.594768
12.922607
9.948066
14.545520
11.048252
9.646796
8.724305
15.261004
6.855212
13.390982
7.531823
11.090364
9.852531
8.143513
13.979109
16.977258
13.832913
13.700512
16.715282
15.101828
15.581570
16.590947
15.733642
15.434906
15.347382
15.032431
15.446083
16.881356
17.494106
16.540357
16.492549
17.559913
16.333379
14.568930
16.498169
15.936957
17.332216
14.860724
15.335960
15.343990
16.332846
15.187788
15.169005
16.123422
16.215030
16.537022
16.101259
14.120305
11.316784
14.461732
15.630129
11.497718
10.343272
13.485708
9.250859
8.714550
7.256370
9.163325
10.608590
11.651992
9.184202
9.107436
9.136750
9.123260
17.468883
11.425319
10.216719
11.742627
17.266563
13.962882
14.598099
17.659839
15.450948
15.490517
15.271106
14.991953
15.046758
15.044274
17.064150
15.191746
13.726332
17.482040
13.049030
13.592247
15.829762
15.180637
16.453187
13.295926
13.491532
15.208430
15.166624
16.373403
13.645127
15.652618
15.937327
16.494686
16.281578
15.241064
15.218954
15.723149
15.700637
15.587069
16.404503
14.047784
9.784871
6.362917
6.154053
10.093061
13.187424
6.276200
4.531974
6.324989
17.345875
13.833361
8.089911
8.111050
12.220993
16.382866
16.461970
17.038043
18.148565
15.974939
17.492216
17.706841
17.551662
15.605774
14.864422
15.009718
15.502760
14.881990
12.736267
16.423093
13.726190
15.356387
16.188098
15.733766
16.131749
14.532796
12.546697
15.306282
15.644349
15.695164
15.438895
15.273526
14.509712
15.039079
15.110783
15.665550
15.509959
13.808608
11.895379
11.036279
15.221951
9.358669
12.259192
3.342381
9.976366
7.652150
9.967918
5.097817
5.146524
10.637863
11.896428
7.678776
6.262898
13.175959
13.787100
16.862255
14.098353
13.940392
17.176653
16.284655
14.587625
15.073330
16.282446
16.661636
17.126964
17.893297
16.054876
14.670980
13.324197
15.860749
13.985460
13.203292
16.036224
14.001374
17.442163
14.797497
12.587802
14.521149
15.572998
16.679577
15.024743
14.914807
14.715189
15.699778
15.252212
15.532782
15.706829
15.660760
12.449353
14.730129
8.318819
9.789472
9.100924
9.623738
10.015034
7.254257
7.224896
12.885583
10.001128
17.166664
7.536771
6.421129
8.997982
13.944228
15.440664
12.140123
13.358337
14.769112
17.739152
15.996548
14.758533
14.127964
16.933938
15.535805
14.787523
13.898497
16.024319
14.378604
12.988773
15.500526
12.811288
13.080987
14.062160
14.061210
16.210319
13.527459
13.531102
12.327762
15.185049
16.709119
15.807431
13.588697
10.592591
15.137965
15.388791
14.924345
15.182347
14.821710
16.047664
