3.412601800000000196e+01 -1.178964859999999959e+02 1.784900000000000091e+02
3.396711899999999673e+01 -1.181597009999999983e+02 3.731000000000000227e+01
3.396225700000000103e+01 -1.180946969999999965e+02 4.492000000000000171e+01
3.429280500000000131e+01 -1.181882250000000028e+02 7.130499999999999545e+02
3.424399199999999865e+01 -1.179649440000000027e+02 7.359099999999999682e+02
3.435318000000000183e+01 -1.184114249999999942e+02 1.174369999999999891e+03
3.404744699999999824e+01 -1.181128949999999946e+02 1.898499999999999943e+02
3.420479999999999876e+01 -1.181731999999999942e+02 4.648700000000000045e+02
3.418192100000000266e+01 -1.185746489999999937e+02 2.416899999999999977e+02
3.393905500000000330e+01 -1.182441340000000025e+02 3.243999999999999773e+01
3.437636599999999731e+01 -1.181775760000000020e+02 1.991960000000000036e+03
3.434113200000000177e+01 -1.179366700000000066e+02 2.442230000000000018e+03
3.392764799999999781e+01 -1.183063499999999948e+02 5.575999999999999801e+01
3.407155900000000059e+01 -1.182329019999999957e+02 1.614399999999999977e+02
3.409176599999999979e+01 -1.178070950000000039e+02 3.076200000000000045e+02
3.400091100000000210e+01 -1.180133490000000052e+02 3.691399999999999864e+02
3.410286299999999926e+01 -1.182638749999999987e+02 1.399399999999999977e+02
3.399265400000000170e+01 -1.178487740000000059e+02 2.438600000000000136e+02
3.417856499999999897e+01 -1.182199990000000014e+02 3.661899999999999977e+02
3.412644699999999887e+01 -1.185144119999999930e+02 5.855599999999999454e+02
3.429319199999999768e+01 -1.184845389999999981e+02 3.654200000000000159e+02
3.406189899999999682e+01 -1.179111149999999952e+02 1.336299999999999955e+02
3.397988500000000300e+01 -1.180311690000000056e+02 1.182999999999999972e+02
3.395815199999999834e+01 -1.184276080000000064e+02 4.240999999999999659e+01
3.402676999999999907e+01 -1.179567210000000017e+02 1.016299999999999955e+02
3.413683900000000193e+01 -1.181262750000000068e+02 2.319199999999999875e+02
