2.477480299999999858e+01 2.553814200000000056e+01 2.153671999999999898e+01 2.165545799999999943e+01 2.266267699999999863e+01 2.392678899999999942e+01 2.318814700000000073e+01 2.314885800000000060e+01 2.124834800000000001e+01 2.043794300000000064e+01 2.118616700000000108e+01 2.398066000000000031e+01
2.533886199999999889e+01 2.717197499999999977e+01 2.583294799999999825e+01 2.692494999999999905e+01 2.788608199999999826e+01 2.872270299999999921e+01 2.783910900000000055e+01 2.748053600000000074e+01 2.570794000000000068e+01 2.504625800000000169e+01 2.614077500000000143e+01 2.556808900000000051e+01
2.287121000000000137e+01 2.624275700000000100e+01 2.528124700000000047e+01 2.504474899999999948e+01 2.737155399999999972e+01 2.858999299999999977e+01 2.754302200000000056e+01 2.682380399999999909e+01 2.539949999999999974e+01 2.544214399999999898e+01 2.657306000000000168e+01 2.507604299999999853e+01
1.948059500000000099e+01 1.746083199999999991e+01 1.793799500000000080e+01 1.718064499999999839e+01 1.707451100000000110e+01 1.666433800000000076e+01 1.553691500000000048e+01 1.655115100000000083e+01 1.377651600000000087e+01 1.442569699999999955e+01 1.628589600000000104e+01 1.473894699999999958e+01
2.254409100000000166e+01 2.292527600000000021e+01 1.672538199999999975e+01 1.628868800000000050e+01 1.678277100000000033e+01 1.562237700000000018e+01 1.565440500000000057e+01 1.558984700000000068e+01 1.466027000000000058e+01 1.477524000000000015e+01 1.577309799999999917e+01 1.659081300000000070e+01
7.943140999999999785e+00 1.379338300000000039e+01 1.619497700000000151e+01 1.492557200000000073e+01 1.465227299999999921e+01 1.298891300000000015e+01 1.389358499999999985e+01 1.211910499999999935e+01 1.182896299999999989e+01 1.213501399999999997e+01 1.179130900000000004e+01 1.062460899999999953e+01
2.099768399999999957e+01 2.156655200000000150e+01 1.987659000000000020e+01 2.048121700000000089e+01 2.126899299999999826e+01 2.233489099999999894e+01 2.174172799999999839e+01 2.115748100000000065e+01 1.877841600000000000e+01 1.981746100000000155e+01 2.010210199999999858e+01 2.053845899999999958e+01
2.085789799999999872e+01 1.939191299999999885e+01 1.758293600000000012e+01 1.982301599999999908e+01 2.141963799999999907e+01 2.015546799999999905e+01 1.861306799999999839e+01 1.888192400000000148e+01 1.734030100000000019e+01 1.864923299999999884e+01 1.956079499999999882e+01 2.008980400000000088e+01
2.024821999999999989e+01 2.020149699999999982e+01 2.059722700000000017e+01 2.224678199999999961e+01 2.241686999999999941e+01 1.878559200000000118e+01 1.987679699999999983e+01 1.926115700000000075e+01 1.767554300000000111e+01 1.851609699999999847e+01 1.945334599999999980e+01 1.903807899999999975e+01
2.785954299999999861e+01 2.773700799999999944e+01 2.717518199999999950e+01 2.723913399999999996e+01 2.995132299999999859e+01 2.930387500000000145e+01 2.760284400000000105e+01 2.787862600000000057e+01 2.653788399999999825e+01 2.578523799999999966e+01 2.601084099999999921e+01 2.689738300000000137e+01
9.700640999999999181e+00 9.104682000000000386e+00 8.319288000000000238e+00 1.034788099999999922e+01 9.564140999999999337e+00 9.515062999999999604e+00 8.925034999999999386e+00 9.668958999999999193e+00 9.109657999999999589e+00 9.552927000000000390e+00 9.499541999999999931e+00 8.598589000000000482e+00
1.010838000000000036e+01 7.429994999999999905e+00 5.151155000000000150e+00 4.674885999999999875e+00 7.203973999999999656e+00 7.632283000000000150e+00 6.722227000000000174e+00 7.976047999999999583e+00 6.788090000000000401e+00 8.190607999999999222e+00 6.785231999999999708e+00 6.852770999999999724e+00
2.504615799999999837e+01 2.453588699999999889e+01 2.490893000000000157e+01 2.554430500000000137e+01 2.859218500000000063e+01 2.719044999999999845e+01 2.558568299999999951e+01 2.450264999999999915e+01 2.368678200000000089e+01 2.481356299999999848e+01 2.428882199999999969e+01 2.388151699999999877e+01
2.316957100000000125e+01 2.017468300000000170e+01 2.047351700000000108e+01 2.163128000000000029e+01 2.293275300000000172e+01 2.354512599999999978e+01 2.034220399999999884e+01 1.713132099999999980e+01 2.124786900000000145e+01 1.753653900000000121e+01 2.155850900000000081e+01 1.992659000000000091e+01
2.349024199999999851e+01 2.415616999999999948e+01 2.161071099999999845e+01 2.195373000000000019e+01 2.037671100000000024e+01 2.089880300000000091e+01 2.066468800000000172e+01 2.084020200000000145e+01 1.880991300000000166e+01 1.866027899999999917e+01 2.016068599999999833e+01 2.171217800000000153e+01
1.833093500000000020e+01 1.973528800000000061e+01 1.846537199999999856e+01 1.779574500000000015e+01 1.998631500000000116e+01 2.100426399999999916e+01 1.964918199999999970e+01 1.954572200000000137e+01 1.752135200000000026e+01 1.776468200000000053e+01 1.776493100000000069e+01 1.760174500000000108e+01
2.237574299999999994e+01 2.224271600000000149e+01 2.016843100000000177e+01 2.302893500000000060e+01 2.319338700000000131e+01 2.264543899999999965e+01 2.166024000000000171e+01 2.158120800000000017e+01 1.982081900000000019e+01 1.977884799999999998e+01 2.035878200000000149e+01 2.070258700000000118e+01
2.195110199999999878e+01 2.261181500000000000e+01 2.183027999999999835e+01 1.971119900000000058e+01 2.256700700000000026e+01 2.331379799999999847e+01 2.244702200000000047e+01 2.240683999999999898e+01 1.971672399999999925e+01 1.993900400000000062e+01 2.143194199999999938e+01 2.095170900000000103e+01
2.086270299999999978e+01 2.214819500000000119e+01 1.949453099999999850e+01 2.205932800000000071e+01 2.290788900000000083e+01 2.228076300000000032e+01 2.083378000000000085e+01 2.106963299999999961e+01 1.912207899999999938e+01 1.955917499999999976e+01 2.113818300000000150e+01 2.047331399999999846e+01
1.939020199999999861e+01 1.742066000000000159e+01 1.664079200000000114e+01 1.858656699999999873e+01 1.935501500000000163e+01 1.750965700000000069e+01 1.676042899999999847e+01 1.528452399999999933e+01 1.431430699999999945e+01 1.559714199999999984e+01 1.568428399999999989e+01 1.495985300000000073e+01
1.840234900000000096e+01 1.943567600000000084e+01 1.982724100000000078e+01 2.068529600000000102e+01 2.097777999999999921e+01 1.854665400000000020e+01 1.980917699999999826e+01 1.798959500000000133e+01 1.669673099999999977e+01 1.765133900000000011e+01 1.655455900000000113e+01 1.964953200000000066e+01
2.325199200000000133e+01 2.394483599999999868e+01 2.135801100000000119e+01 2.056979700000000122e+01 2.290468999999999866e+01 2.249747299999999939e+01 2.296863400000000155e+01 2.264210500000000081e+01 2.036457499999999854e+01 1.989551000000000158e+01 2.097679199999999966e+01 2.234667999999999921e+01
2.125492300000000157e+01 2.284939999999999927e+01 2.199584700000000126e+01 2.107594999999999885e+01 2.289144299999999888e+01 2.468508299999999878e+01 2.365580613999999926e+01 2.335275899999999893e+01 2.128077400000000097e+01 2.123684400000000139e+01 2.167425799999999825e+01 2.133419100000000057e+01
2.814651599999999831e+01 2.509738499999999917e+01 2.340702500000000086e+01 2.745540599999999998e+01 2.906308399999999992e+01 2.690766400000000047e+01 2.460288299999999850e+01 2.390539000000000058e+01 2.365199199999999990e+01 2.407852499999999907e+01 2.498836599999999919e+01 2.348982099999999917e+01
2.255255299999999963e+01 2.410360100000000116e+01 2.243729799999999841e+01 2.154646699999999981e+01 2.517327699999999879e+01 2.434729799999999855e+01 2.386146199999999951e+01 2.400487000000000037e+01 2.169884199999999908e+01 2.197260999999999953e+01 2.244974900000000062e+01 2.235361100000000079e+01
1.962263799999999847e+01 1.938519099999999895e+01 1.703670899999999833e+01 1.881165000000000020e+01 2.069725700000000046e+01 2.060336300000000165e+01 1.950928400000000096e+01 1.913214500000000129e+01 1.688998799999999889e+01 1.799364599999999825e+01 1.885513500000000064e+01 1.992732600000000076e+01
