23.185970
22.55255271
19.139681
19.221653
23.810435
24.103601
19.398834
19.499780
20.726069
22.43729803
17.053940
19.629839
24.280040
21.546467
18.834128
22.283602
25.413652
25.173277
20.733206
22.646186
24.107457
24.347298
20.645406
20.833097
23.225629
23.861462
19.547886
20.414955
22.643000
24.004870
19.163528
19.682255
21.407520
21.698842
16.907929
17.349610
21.734019
21.972610
18.014558
18.855277
22.834271
22.44974881
18.880344
17.599651
24.449639
22.353611
19.952922
20.325094
