21.283547
24.233144
22.279406
20.317160
21.872525
24.860771
22.959078
21.004641
20.868539
22.519595
21.276767
20.523661
21.900825
22.438322
21.747072
21.998767
22.292954
23.965587
22.481067
21.778540
21.045366
24.540993
21.994680
19.730782
20.532831
23.606628
21.397770
19.457252
19.683430
23.481010
20.898817
18.256174
18.482947
21.553435
19.336478
17.329295
18.620113
21.281257
19.298856
17.606325
19.419371
22.481053
20.301268
18.297285
19.861525
22.957064
20.884214
18.869958
